Introducing contestants...
* Player 1, weighing 325 bytes, "Celebration Funebre v0.99pl42" ("Jour J") !
* Player 2, weighing 400 bytes, "mandragore" ("you can see me, you can't anymore, you can, you can't !") !
0x0000 : 00 00 00 0e 09 ff 38 01 00 14 00 00 00 01 ff ff ff ff 00 00 00 00 00 0e 09 ff 38 01 ff ff ff fe 00 00 00 00 00 0e 09 ff 38 01 ff ff ff fe 00 00 00 00 00 0e 09 ff 38 01 ff ff ff fe 00 00 00 00 
0x0040 : 00 0e 09 ff 38 0b ff ff ff fe 0e 09 ff 38 01 ff ff ff ff 0b 64 0f 00 00 0e 09 ff 38 01 ff 0b 68 01 ff af 00 0f 0b 68 01 ff a8 00 1d 0b 68 01 ff a1 00 2b 0b 68 01 ff 9a 01 ff ff ff ff 00 00 00 
0x0080 : 00 00 0e 09 ff 38 01 ff 02 90 00 0e 01 ff ff ff ff 00 00 00 00 00 0e 09 ff 38 01 ff 0a 01 00 00 00 2a 0b 68 04 ff 65 00 01 04 54 04 0c 04 05 54 0a 0b 0a 09 ff ce 01 ff ff ff ff 00 00 00 00 00 
0x00c0 : 0e 09 ff 38 01 ff 0c 00 45 01 00 00 00 2a 0a a4 00 08 ff 3f 0f 02 90 ff ff ff 46 0e 02 90 00 00 00 00 02 09 ff 24 01 00 00 00 2a 0c 00 3d 01 00 00 00 2a 0a a4 00 04 ff 1a 0f 02 90 ff ff ff 42 
0x0100 : 0e 02 90 00 00 00 00 02 09 fe ff 01 ff ff ff ff 0b 64 0f 00 00 0e 09 ff 38 01 ff ff 4a 0e 02 90 00 00 00 00 02 09 fe e2 01 00 00 00 2a 0a a4 00 00 fe e0 0f 02 01 ff ff ff ff 00 00 00 00 00 0e 
0x0140 : 09 ff 38 01 ff 00 00 00 00 01 ff ff ff ff 0b 64 0f 00 00 0e 09 ff 38 01 ff 00 00 00 00 00 00 00 00 00 00 00 00 00 00 00 00 00 00 00 00 00 00 00 00 00 00 01 ff ff ff ff 00 00 00 00 00 0e 09 ff 
0x0180 : 38 01 ff 00 00 00 00 00 00 00 00 00 00 00 00 00 00 00 00 00 00 00 00 00 00 00 00 00 00 00 00 00 00 00 00 00 00 00 00 00 00 00 00 00 00 00 00 00 00 00 00 00 00 00 00 00 00 00 00 00 00 00 00 00 
0x01c0 : 00 00 00 00 00 00 00 00 01 ff ff ff ff 0b 64 0f 00 00 0e 09 ff 38 01 ff 00 00 00 00 00 00 00 00 00 00 00 00 00 00 00 00 00 00 00 00 00 00 00 00 00 00 01 ff ff ff ff 00 00 00 00 00 0e 09 ff 38 
0x0200 : 01 ff 00 00 00 00 01 ff ff ff ff 0b ff ff ff fe 0e 09 ff 38 01 ff 00 00 00 00 00 00 00 00 00 00 00 00 00 00 00 00 00 00 00 00 00 00 00 00 00 00 01 ff ff ff ff 00 00 00 00 00 0e 09 ff 38 01 ff 
0x0240 : 00 00 00 00 00 00 00 00 00 00 00 00 00 00 00 00 00 00 00 00 00 00 00 00 00 00 00 00 00 00 00 00 00 00 00 00 00 00 00 00 00 00 00 00 00 00 00 00 00 00 00 00 00 00 00 00 00 00 00 00 00 00 00 00 
0x0280 : 00 00 00 00 00 01 ff ff ff ff 0b 64 0f 00 00 0e 09 ff 38 01 ff 00 00 00 00 00 00 00 00 00 00 00 00 00 00 00 00 00 00 00 00 00 00 00 00 00 00 01 ff ff ff ff 00 00 00 00 00 0e 09 ff 38 01 ff 00 
0x02c0 : 00 00 00 01 ff ff ff ff 0b 64 0f 00 00 0e 09 ff 38 01 ff 00 00 00 00 00 00 00 00 00 00 00 00 00 00 00 00 00 00 00 00 00 00 00 00 00 00 01 ff ff ff ff 00 00 00 00 00 0e 09 ff 38 01 ff 00 00 00 
0x0300 : 00 00 00 00 00 00 00 00 00 00 00 00 00 00 00 00 00 00 00 00 00 00 00 00 00 00 00 00 00 00 00 00 00 00 00 00 00 00 00 00 00 00 00 00 00 00 00 00 00 00 00 00 00 00 00 00 00 00 00 00 00 00 00 00 
0x0340 : 00 00 01 ff ff ff ff 0b 64 0f 00 00 0e 09 ff 38 01 ff 00 00 00 00 00 00 00 00 00 00 00 00 00 00 00 00 00 00 00 00 00 00 00 00 00 00 01 ff ff ff ff 00 00 00 00 00 0e 09 ff 38 01 ff 00 00 00 00 
0x0380 : 01 ff ff ff ff 0b 64 0f 00 00 0e 09 ff 38 01 ff 00 00 00 00 00 00 00 00 00 00 00 00 00 00 00 00 00 00 00 00 00 00 00 00 00 00 01 ff ff ff ff 00 00 00 00 00 0e 09 ff 38 01 ff 00 00 00 00 00 00 
0x03c0 : 00 00 00 00 00 00 00 00 00 00 00 00 00 00 00 00 00 00 00 00 00 00 00 00 00 00 00 00 00 00 00 00 00 00 00 00 00 00 00 00 00 00 00 00 00 00 00 00 00 00 00 00 00 00 00 00 00 00 00 00 00 00 00 01 
0x0400 : ff ff ff ff 0b 64 0f 00 00 0e 09 ff 38 01 ff 00 00 00 00 00 00 00 00 00 00 00 00 00 00 00 00 00 00 00 00 00 00 00 00 00 00 01 ff ff ff ff 00 00 00 00 00 0e 09 ff 38 01 ff 00 00 00 00 01 ff ff 
0x0440 : ff ff 0b 64 0f 00 00 0e 09 ff 38 01 ff 00 00 00 00 00 00 00 00 00 00 00 00 00 00 00 00 00 00 00 00 00 00 00 00 00 00 01 ff ff ff ff 00 00 00 00 00 0e 09 ff 38 01 ff 00 00 00 00 00 00 00 00 00 
0x0480 : 00 00 00 00 00 00 00 00 00 00 00 00 00 00 00 00 00 00 00 00 00 00 00 00 00 00 00 00 00 00 00 00 00 00 00 00 00 00 00 00 00 00 00 00 00 00 00 00 00 00 00 00 00 00 00 00 00 00 00 00 01 ff ff ff 
0x04c0 : ff 00 00 00 00 00 0e 09 ff 38 01 ff 00 00 00 00 00 00 00 00 00 00 00 00 00 00 00 00 00 00 00 00 00 00 00 00 00 00 01 ff ff ff ff 00 00 00 00 00 0e 09 ff 38 01 ff 00 00 00 00 01 ff ff ff ff 0b 
0x0500 : 64 0f 00 00 0e 09 ff 38 01 ff 00 00 00 00 00 00 00 00 00 00 00 00 00 00 00 00 00 00 00 00 00 00 00 00 00 00 01 ff ff ff ff 00 00 00 00 00 0e 09 ff 38 01 ff 00 00 00 00 00 00 00 00 00 00 00 00 
0x0540 : 00 00 00 00 00 00 00 00 00 00 00 00 00 00 00 00 00 00 00 00 00 00 00 00 00 00 00 00 00 00 00 00 00 00 00 00 00 00 00 00 00 00 00 00 00 00 00 00 00 00 00 00 00 00 00 00 00 01 ff ff ff ff 00 00 
0x0580 : 00 00 00 0e 09 ff 38 01 ff 00 00 00 00 00 00 00 00 00 00 00 00 00 00 00 00 00 00 00 00 00 00 00 00 00 00 01 ff ff ff ff 00 00 00 00 00 0e 09 ff 38 01 ff 00 00 00 00 01 ff ff ff ff 0b 64 0f 00 
0x05c0 : 00 0e 09 ff 38 01 ff 00 00 00 00 00 00 00 00 00 00 00 00 00 00 00 00 00 00 00 00 00 00 00 00 00 00 01 ff ff ff ff 00 00 00 00 00 0e 09 ff 38 01 ff 00 00 00 00 00 00 00 00 00 00 00 00 00 00 00 
0x0600 : 00 00 00 00 00 00 00 00 00 00 00 00 00 00 00 00 00 00 00 00 00 00 00 00 00 00 00 00 00 00 00 00 00 00 00 00 00 00 00 00 00 00 00 00 00 00 00 00 00 00 00 00 00 00 01 ff ff ff ff 00 00 00 00 00 
0x0640 : 0e 09 ff 38 01 ff 00 00 00 00 00 00 00 00 00 00 00 00 00 00 00 00 00 00 00 00 00 00 00 00 00 00 01 ff ff ff ff 00 00 00 00 00 0e 09 ff 38 01 ff 00 00 00 00 01 ff ff ff ff 0b 64 0f 00 00 0e 09 
0x0680 : ff 38 01 ff 00 00 00 00 00 00 00 00 00 00 00 00 00 00 00 00 00 00 00 00 00 00 00 00 00 00 01 ff ff ff ff 00 00 00 00 00 0e 09 ff 38 01 ff 00 00 00 00 00 00 00 00 00 00 00 00 00 00 00 00 00 00 
0x06c0 : 00 00 00 00 00 00 00 00 00 00 00 00 00 00 00 00 00 00 00 00 00 00 00 00 00 00 00 00 00 00 00 00 00 00 00 00 00 00 00 00 00 00 00 00 00 00 00 00 00 00 00 01 ff ff ff ff 00 00 00 00 00 0e 09 ff 
0x0700 : 38 01 ff 00 00 00 00 00 00 00 00 00 00 00 00 00 00 00 00 00 00 00 00 00 00 00 00 00 00 01 ff ff ff ff 00 00 00 00 00 0e 09 ff 38 01 ff 00 00 00 00 01 ff ff ff ff 0b 64 0f 00 00 0e 09 ff 38 01 
0x0740 : ff 00 00 00 00 00 00 00 00 00 00 00 00 00 00 00 00 00 00 00 00 00 00 00 00 00 00 01 ff ff ff ff 00 00 00 00 00 0e 09 ff 38 01 ff 00 00 00 00 00 00 00 00 00 00 00 00 00 00 00 00 00 00 00 00 00 
0x0780 : 00 00 00 00 00 00 00 00 00 00 00 00 00 00 00 00 00 00 00 00 00 00 00 00 00 00 00 00 00 00 00 00 00 00 00 00 00 00 00 00 00 00 00 00 00 00 00 00 01 ff ff ff ff 00 00 00 00 00 0e 09 ff 38 01 ff 
0x07c0 : 00 00 00 00 00 00 00 00 00 00 00 00 00 00 00 00 00 00 00 00 00 00 00 00 00 00 01 ff ff ff ff 00 00 00 00 00 0e 09 ff 38 01 ff 00 00 00 00 01 ff ff ff ff 0b 64 0f 00 00 0e 09 ff 38 01 ff 00 00 
0x0800 : 00 00 00 00 00 00 00 00 00 00 00 00 00 00 00 00 64 0f 00 00 0e 09 ff 38 01 ff ff ff ff 00 00 00 00 00 0e 09 ff 38 01 ff e8 03 70 02 ff df 03 70 02 ff d6 03 70 02 ff cd 03 70 02 ff c4 03 70 02 
0x0840 : ff bb 03 70 02 ff b2 03 70 02 ff a9 03 70 02 ff a0 03 70 02 ff 97 03 70 02 ff 8e 03 70 02 ff 85 03 70 02 ff 7c 03 70 02 ff 73 03 70 02 01 ff ff ff ff 00 00 00 00 00 0e 09 ff 38 01 ff 4f 03 70 
0x0880 : 02 ff 46 03 70 02 ff 3d 03 70 02 ff 34 03 70 02 ff 2b 03 70 02 ff 22 01 ff ff ff ff 00 00 00 00 00 0e 09 ff 38 01 ff 70 02 fe fe 01 ff ff ff ff 0b 64 0f 00 00 0e 09 ff 38 01 ff 70 02 fe da 03 
0x08c0 : 70 02 fe d1 03 70 02 01 ff ff ff ff 00 00 00 00 00 0e 09 ff 38 01 ff ff ff ff 00 00 00 00 00 0e 09 ff 38 01 ff fe 92 03 70 02 fe 89 03 70 02 fe 80 03 70 02 fe 77 03 70 02 fe 6e 03 70 02 fe 65 
0x0900 : 03 70 02 fe 5c 03 70 02 fe 53 03 70 02 fe 4a 03 70 02 fe 41 03 70 02 fe 38 03 70 02 fe 2f 03 70 02 fe 26 03 70 02 fe 1d 03 70 01 ff ff ff ff 00 00 00 00 00 0e 09 ff 38 01 ff 00 00 00 02 09 fe 
0x0940 : e1 01 ff ff ff fe 0c ff fb 09 00 32 01 ff ff ff fe 0c ff f0 01 ff ff ff ff 00 00 00 00 00 0e 09 ff 38 01 ff 03 02 90 00 01 ff ff ff ff 00 00 00 00 00 0e 09 ff 38 01 ff 09 ff d4 01 ff ff ff fe 
0x0980 : 04 54 06 05 01 ff ff ff ff 00 00 00 00 00 0e 09 ff 38 01 ff ff ff ff 00 00 00 00 00 0e 09 ff 38 01 ff 00 00 00 00 00 00 00 00 00 00 00 00 00 00 00 00 00 00 00 00 00 00 00 00 00 00 00 00 00 00 
0x09c0 : 00 00 00 00 00 00 00 00 00 00 00 00 00 00 00 00 00 00 00 00 00 00 00 00 00 00 00 00 00 00 00 00 00 00 00 00 00 00 00 01 ff ff ff ff 00 00 00 00 00 0e 09 ff 38 01 ff 00 00 00 00 00 00 00 00 00 
0x0a00 : 00 00 00 00 00 00 00 00 00 00 00 00 00 00 00 00 00 01 ff ff ff ff 00 00 00 00 00 0e 09 ff 38 01 ff 00 00 00 00 01 ff ff ff ff 00 00 00 00 00 0e 09 ff 38 01 ff 00 00 00 00 00 00 00 00 00 00 00 
0x0a40 : 00 01 ff ff ff ff 00 00 00 00 00 0e 09 ff 38 01 ff ff ff ff 00 00 00 00 00 0e 09 ff 38 01 ff 00 00 00 00 00 00 00 00 00 00 00 00 00 00 00 00 00 00 00 00 00 00 00 00 00 00 00 00 00 00 00 00 00 
0x0a80 : 00 00 00 00 00 00 00 00 00 00 00 00 00 00 00 00 00 00 00 00 00 00 00 00 00 00 00 00 00 00 00 00 00 00 00 00 01 ff ff ff ff 00 00 00 00 00 0e 09 ff 38 01 ff 00 00 00 00 00 00 00 00 00 00 00 00 
0x0ac0 : 00 00 00 00 00 00 00 00 00 00 00 00 00 00 01 ff ff ff ff 00 00 00 00 00 0e 09 ff 38 01 ff 00 00 00 00 01 ff ff ff ff 00 00 00 00 00 0e 09 ff 38 01 ff 00 00 00 00 00 00 00 00 00 00 00 00 01 ff 
0x0b00 : ff ff ff 00 00 00 00 00 0e 09 ff 38 01 ff ff ff ff 00 00 00 00 00 0e 09 ff 38 01 ff 00 00 00 00 00 00 00 00 00 00 00 00 00 00 00 00 00 00 00 00 00 00 00 00 00 00 00 00 00 00 00 00 00 00 00 00 
0x0b40 : 00 00 00 00 00 00 00 00 00 00 00 00 00 00 00 00 00 00 00 00 00 00 00 00 00 00 00 00 00 00 00 00 00 01 ff ff ff ff 0b 64 0f 00 00 0e 09 ff 38 01 ff 00 00 00 00 00 00 00 00 00 00 00 00 00 00 00 
0x0b80 : 00 00 00 00 00 00 00 00 00 00 00 01 ff ff ff ff 00 00 00 00 00 0e 09 ff 38 01 ff 00 00 00 00 01 ff ff ff ff 00 00 00 00 00 0e 09 ff 38 01 ff 00 00 00 00 00 00 00 00 00 00 00 00 01 ff ff ff ff 
0x0bc0 : 00 00 00 00 00 0e 09 ff 38 01 ff ff ff ff 00 00 00 00 00 0e 09 ff 38 01 ff 00 00 00 00 00 00 00 00 00 00 00 00 00 00 00 00 00 00 00 00 00 00 00 00 00 00 00 00 00 00 00 00 00 00 00 00 00 00 00 
0x0c00 : 00 00 00 00 00 00 00 00 00 00 00 00 00 00 00 00 00 00 00 00 00 00 00 00 00 00 00 00 00 00 01 ff ff ff ff 00 00 00 00 00 0e 09 ff 38 01 ff 00 00 00 00 00 00 00 00 00 00 00 00 00 00 00 00 00 00 
0x0c40 : 00 00 00 00 00 00 00 00 01 ff ff ff ff 00 00 00 00 00 0e 09 ff 38 01 ff 00 00 00 00 01 ff ff ff ff 00 00 00 00 00 0e 09 ff 38 01 ff 00 00 00 00 00 00 00 00 00 00 00 00 01 ff ff ff ff 00 00 00 
0x0c80 : 00 00 0e 09 ff 38 01 ff ff ff ff 00 00 00 00 00 0e 09 ff 38 01 ff 00 00 00 00 00 00 00 00 00 00 00 00 00 00 00 00 00 00 00 00 00 00 00 00 00 00 00 00 00 00 00 00 00 00 00 00 00 00 00 00 00 00 
0x0cc0 : 00 00 00 00 00 00 00 00 00 00 00 00 00 00 00 00 00 00 00 00 00 00 00 00 00 00 00 01 ff ff ff ff 00 00 00 00 00 0e 09 ff 38 01 ff 00 00 00 00 00 00 00 00 00 00 00 00 00 00 00 00 00 00 00 00 00 
0x0d00 : 00 00 00 00 00 01 ff ff ff ff 00 00 00 00 00 0e 09 ff 38 01 ff 00 00 00 00 01 ff ff ff ff 00 00 00 00 00 0e 09 ff 38 01 ff 00 00 00 00 00 00 00 00 00 00 00 00 01 ff ff ff ff 00 00 00 00 00 0e 
0x0d40 : 09 ff 38 01 ff ff ff ff 00 00 00 00 00 0e 09 ff 38 01 ff 00 00 00 00 00 00 00 00 00 00 00 00 00 00 00 00 00 00 00 00 00 00 00 00 00 00 00 00 00 00 00 00 00 00 00 00 00 00 00 00 00 00 00 00 00 
0x0d80 : 00 00 00 00 00 00 00 00 00 00 00 00 00 00 00 00 00 00 00 00 00 00 00 00 01 ff ff ff ff 00 00 00 00 00 0e 09 ff 38 01 ff 00 00 00 00 00 00 00 00 00 00 00 00 00 00 00 00 00 00 00 00 00 00 00 00 
0x0dc0 : 00 00 01 ff ff ff ff 00 00 00 00 00 0e 09 ff 38 01 ff 00 00 00 00 01 ff ff ff ff 00 00 00 00 00 0e 09 ff 38 01 ff 00 00 00 00 00 00 00 00 00 00 00 00 01 ff ff ff ff 00 00 00 00 00 0e 09 ff 38 
0x0e00 : 01 ff ff ff ff 00 00 00 00 00 0e 09 ff 38 01 ff 00 00 00 00 00 00 00 00 00 00 00 00 00 00 00 00 00 00 00 00 00 00 00 00 00 00 00 00 00 00 00 00 00 00 00 00 00 00 00 00 00 00 00 00 00 00 00 00 
0x0e40 : 00 00 00 00 00 00 00 00 00 00 00 00 00 00 00 00 00 00 00 00 00 01 ff ff ff ff 00 00 00 00 00 0e 09 ff 38 01 ff 00 00 00 00 00 00 00 00 00 00 00 00 00 00 00 00 00 00 00 00 00 00 00 00 00 00 01 
0x0e80 : ff ff ff ff 00 00 00 00 00 0e 09 ff 38 01 ff 00 00 00 00 01 ff ff ff ff 00 00 00 00 00 0e 09 ff 38 01 ff 00 00 00 00 00 00 00 00 00 00 00 00 01 ff ff ff ff 00 00 00 00 00 0e 09 ff 38 01 ff ff 
0x0ec0 : ff ff 00 00 00 00 00 0e 09 ff 38 01 ff 00 00 00 00 00 00 00 00 00 00 00 00 00 00 00 00 00 00 00 00 00 00 00 00 00 00 00 00 00 00 00 00 00 00 00 00 00 00 00 00 00 00 00 00 00 00 00 00 00 00 00 
0x0f00 : 00 00 00 00 00 00 00 00 00 00 00 00 00 00 00 00 00 00 01 ff ff ff ff 00 00 00 00 00 0e 09 ff 38 01 ff 00 00 00 00 00 00 00 00 00 00 00 00 00 00 00 00 00 00 00 00 00 00 00 00 00 00 01 ff ff ff 
0x0f40 : ff 00 00 00 00 00 0e 09 ff 38 01 ff 00 00 00 00 01 ff ff ff ff 00 00 00 00 00 0e 09 ff 38 01 ff 00 00 00 00 00 00 00 00 00 00 00 00 01 ff ff ff ff 00 00 00 00 00 0e 09 ff 38 01 ff ff ff ff 00 
0x0f80 : 00 00 00 00 0e 09 ff 38 01 ff 00 00 01 ff ff ff ff 01 ff ff ff ff 0b 64 0f 00 00 0e 09 ff 38 01 ff 00 00 00 00 00 00 00 00 00 00 00 00 00 00 00 00 00 00 00 00 00 00 00 00 00 00 00 00 00 00 00 
0x0fc0 : 00 00 00 00 00 00 00 00 00 00 00 00 00 00 00 01 ff ff ff ff 00 00 00 00 00 0e 09 ff 38 01 ff 00 00 00 00 00 00 00 00 00 00 00 00 00 00 00 00 00 00 00 00 00 00 00 00 00 00 01 ff ff ff ff 00 00 
